palindromeemordnilap
The string is a palindrome.

=== Statistics ===

C: 903
IC: 170
Speed-up: 1.506091

=== Memory Dump ===
.text
0x400000: 10 20 3e 00 12 28 00 04 
0x400008: 12 10 08 00 00 00 00 00 
0x400010: 10 48 3e 00 10 50 3e 00 
0x400018: 91 5a 00 00 e1 02 02 00 
0x400020: b0 52 01 00 20 ff ff ff 
0x400028: b1 52 02 00 a2 4a 06 00 
0x400030: 51 5a 00 00 91 62 00 00 
0x400038: 23 5b 07 00 70 4a 01 00 
0x400040: b1 52 01 00 60 fe ff ff 
0x400048: 10 20 00 00 12 10 04 00 
0x400050: 00 00 00 00 20 01 00 00 
0x400058: 10 20 1d 00 12 10 04 00 
0x400060: 00 00 00 00 20 00 00 00 
0x400068: 12 10 0a 00 00 00 00 00 

.data
0x400070: 54 68 65 20 73 74 72 69 
0x400078: 6e 67 20 69 73 20 61 20 
0x400080: 70 61 6c 69 6e 64 72 6f 
0x400088: 6d 65 2e 0a 00 54 68 65 
0x400090: 20 73 74 72 69 6e 67 20 
0x400098: 69 73 20 6e 6f 74 20 61 
0x4000a0: 20 70 61 6c 69 6e 64 72 
0x4000a8: 6f 6d 65 2e 0a 00 70 61 
0x4000b0: 6c 69 6e 64 72 6f 6d 65 
0x4000b8: 65 6d 6f 72 64 6e 69 6c 
0x4000c0: 61 70 0a 00 00 00 00 00 
0x4000c8: 00 00 00 00 00 00 00 00 
0x4000d0: 00 00 00 00 00 00 00 00 
0x4000d8: 00 00 00 00 00 00 00 00 
0x4000e0: 00 00 00 00 00 00 00 00 
0x4000e8: 00 00 00 00 00 00 00 00 
0x4000f0: 00 00 00 00 00 00 00 00 
0x4000f8: 00 00 00 00 00 00 00 00 
0x400100: 00 00 00 00 00 00 00 00 
0x400108: 00 00 00 00 00 00 00 00 
0x400110: 00 00 00 00 00 00 00 00 
0x400118: 00 00 00 00 00 00 00 00 
0x400120: 00 00 00 00 00 00 00 00 
0x400128: 00 00 00 00 00 00 00 00 
0x400130: 00 00 00 00 00 00 00 00 
0x400138: 00 00 00 00 00 00 00 00 
0x400140: 00 00 00 00 00 00 00 00 
0x400148: 00 00 00 00 00 00 00 00 
0x400150: 00 00 00 00 00 00 00 00 
0x400158: 00 00 00 00 00 00 00 00 
0x400160: 00 00 00 00 00 00 00 00 
0x400168: 00 00 00 00 00 00 00 00 
0x400170: 00 00 00 00 00 00 00 00 
0x400178: 00 00 00 00 00 00 00 00 
0x400180: 00 00 00 00 00 00 00 00 
0x400188: 00 00 00 00 00 00 00 00 
0x400190: 00 00 00 00 00 00 00 00 
0x400198: 00 00 00 00 00 00 00 00 
0x4001a0: 00 00 00 00 00 00 00 00 
0x4001a8: 00 00 00 00 00 00 00 00 
0x4001b0: 00 00 00 00 00 00 00 00 
0x4001b8: 00 00 00 00 00 00 00 00 
0x4001c0: 00 00 00 00 00 00 00 00 
0x4001c8: 00 00 00 00 00 00 00 00 
0x4001d0: 00 00 00 00 00 00 00 00 
0x4001d8: 00 00 00 00 00 00 00 00 
0x4001e0: 00 00 00 00 00 00 00 00 
0x4001e8: 00 00 00 00 00 00 00 00 
0x4001f0: 00 00 00 00 00 00 00 00 
0x4001f8: 00 00 00 00 00 00 00 00 
0x400200: 00 00 00 00 00 00 00 00 
0x400208: 00 00 00 00 00 00 00 00 
0x400210: 00 00 00 00 00 00 00 00 
0x400218: 00 00 00 00 00 00 00 00 
0x400220: 00 00 00 00 00 00 00 00 
0x400228: 00 00 00 00 00 00 00 00 
0x400230: 00 00 00 00 00 00 00 00 
0x400238: 00 00 00 00 00 00 00 00 
0x400240: 00 00 00 00 00 00 00 00 
0x400248: 00 00 00 00 00 00 00 00 
0x400250: 00 00 00 00 00 00 00 00 
0x400258: 00 00 00 00 00 00 00 00 
0x400260: 00 00 00 00 00 00 00 00 
0x400268: 00 00 00 00 00 00 00 00 
0x400270: 00 00 00 00 00 00 00 00 
0x400278: 00 00 00 00 00 00 00 00 
0x400280: 00 00 00 00 00 00 00 00 
0x400288: 00 00 00 00 00 00 00 00 
0x400290: 00 00 00 00 00 00 00 00 
0x400298: 00 00 00 00 00 00 00 00 
0x4002a0: 00 00 00 00 00 00 00 00 
0x4002a8: 00 00 00 00 00 00 00 00 
0x4002b0: 00 00 00 00 00 00 00 00 
0x4002b8: 00 00 00 00 00 00 00 00 
0x4002c0: 00 00 00 00 00 00 00 00 
0x4002c8: 00 00 00 00 00 00 00 00 
0x4002d0: 00 00 00 00 00 00 00 00 
0x4002d8: 00 00 00 00 00 00 00 00 
0x4002e0: 00 00 00 00 00 00 00 00 
0x4002e8: 00 00 00 00 00 00 00 00 
0x4002f0: 00 00 00 00 00 00 00 00 
0x4002f8: 00 00 00 00 00 00 00 00 
0x400300: 00 00 00 00 00 00 00 00 
0x400308: 00 00 00 00 00 00 00 00 
0x400310: 00 00 00 00 00 00 00 00 
0x400318: 00 00 00 00 00 00 00 00 
0x400320: 00 00 00 00 00 00 00 00 
0x400328: 00 00 00 00 00 00 00 00 
0x400330: 00 00 00 00 00 00 00 00 
0x400338: 00 00 00 00 00 00 00 00 
0x400340: 00 00 00 00 00 00 00 00 
0x400348: 00 00 00 00 00 00 00 00 
0x400350: 00 00 00 00 00 00 00 00 
0x400358: 00 00 00 00 00 00 00 00 
0x400360: 00 00 00 00 00 00 00 00 
0x400368: 00 00 00 00 00 00 00 00 
0x400370: 00 00 00 00 00 00 00 00 
0x400378: 00 00 00 00 00 00 00 00 
0x400380: 00 00 00 00 00 00 00 00 
0x400388: 00 00 00 00 00 00 00 00 
0x400390: 00 00 00 00 00 00 00 00 
0x400398: 00 00 00 00 00 00 00 00 
0x4003a0: 00 00 00 00 00 00 00 00 
0x4003a8: 00 00 00 00 00 00 00 00 
0x4003b0: 00 00 00 00 00 00 00 00 
0x4003b8: 00 00 00 00 00 00 00 00 
0x4003c0: 00 00 00 00 00 00 00 00 
0x4003c8: 00 00 00 00 00 00 00 00 
0x4003d0: 00 00 00 00 00 00 00 00 
0x4003d8: 00 00 00 00 00 00 00 00 
0x4003e0: 00 00 00 00 00 00 00 00 
0x4003e8: 00 00 00 00 00 00 00 00 
0x4003f0: 00 00 00 00 00 00 00 00 
0x4003f8: 00 00 00 00 00 00 00 00 
0x400400: 00 00 00 00 00 00 00 00 
0x400408: 00 00 00 00 00 00 00 00 
0x400410: 00 00 00 00 00 00 00 00 
0x400418: 00 00 00 00 00 00 00 00 
0x400420: 00 00 00 00 00 00 00 00 
0x400428: 00 00 00 00 00 00 00 00 
0x400430: 00 00 00 00 00 00 00 00 
0x400438: 00 00 00 00 00 00 00 00 
0x400440: 00 00 00 00 00 00 00 00 
0x400448: 00 00 00 00 00 00 00 00 
0x400450: 00 00 00 00 00 00 00 00 
0x400458: 00 00 00 00 00 00 00 00 
0x400460: 00 00 00 00 00 00 00 00 
0x400468: 00 00 00 00 00 00 00 00 
0x400470: 00 00 00 00 00 00 00 00 
0x400478: 00 00 00 00 00 00 00 00 
0x400480: 00 00 00 00 00 00 00 00 
0x400488: 00 00 00 00 00 00 00 00 
0x400490: 00 00 00 00 00 00 00 00 
0x400498: 00 00 00 00 00 00 00 00 
0x4004a0: 00 00 00 00 00 00 00 00 
0x4004a8: 00 00 00 00 00 00 00 00 
0x4004b0: 00 00 00 00 00 00 00 00 
0x4004b8: 00 00 00 00 00 00 00 00 
0x4004c0: 00 00 00 00 00 00 00 00 
0x4004c8: 00 00 00 00 00 00 00 00 
0x4004d0: 00 00 00 00 00 00 00 00 
0x4004d8: 00 00 00 00 00 00 00 00 
0x4004e0: 00 00 00 00 00 00 00 00 
0x4004e8: 00 00 00 00 00 00 00 00 
0x4004f0: 00 00 00 00 00 00 00 00 
0x4004f8: 00 00 00 00 00 00 00 00 
0x400500: 00 00 00 00 00 00 00 00 
0x400508: 00 00 00 00 00 00 00 00 
0x400510: 00 00 00 00 00 00 00 00 
0x400518: 00 00 00 00 00 00 
